24
85
0 1 0.00602479
0 7 0.00920379
1 0 0.00602479
1 2 0.00897599
1 3 0.00944519
2 1 0.00897599
2 3 0.01365438	
2 7 0.01022379
2 8 0.00687479
2 23 0.00586839
3 1 0.00944519
3 2 0.01365438
3 5 0.00709919
4 5 0.00940439
4 6 0.00701079
4 9 0.00788459
4 23 0.00435539
5 4 0.00940439
5 6 0.00782679
5 21 0.00613019
6 4 0.00701079
6 5 0.00782679
6 9 0.01186259
6 21 0.00860879
7 0 0.00920379
7 2 0.01022379
7 8 0.01184219
8 2 0.00687479
8 7 0.01184219
8 9 0.01124039
8 11 0.01600378
8 23 0.00892499
9 4 0.00788459
9 6 0.01186259
9 8 0.01124039
9 10 0.01370538
9 11 0.02190957
9 23 0.00674899
10 9 0.01370538
10 11 0.02817577
10 12 0.01754738
10 13 0.01596638
11 8 0.01600378
11 9 0.02190957
11 10 0.02817577
12 10 0.01754738
12 13 0.00822459
12 18 0.02185857
13 10 0.01596638
13 14 0.01529998
13 18 0.01705438	
14 13 0.01529998
14 15 0.01134919
14 19 0.01840078
15 14 0.01134919
15 16 0.00687479
15 17 0.01954658
15 18 0.01603738
16 15 0.00687479
16 17 0.02298397
16 18 0.01397738
17 15 0.01954658
17 16 0.02298397
17 19 0.01190339
18 12 0.02185857
18 13 0.01705438
18 15 0.01603778
18 16 0.01397738
19 14 0.01840078
19 17 0.01190339
19 20 0.00532099
19 22 0.00721139
20 19 0.00532099
20 21 0.00981239
20 22 0.00415140
21 5 0.00613019
21 6 0.00860879
21 20 0.00981239
21 22 0.00721139
22 19 0.00721139
22 21 0.00721139
23 2 0.00586839
23 4 0.00435539
23 8 0.00892499
23 9 0.00674899